[1, 2, 0, "1.2.1"]
[1, 4, 0, "1.4.1"]
[1, 6, 0, "1.6.1"]
[1, 8, 0, "1.8.1"]
[1, 10, 0, "1.10.1"]
[1, 12, 1, "1.12.1"]
[1, 14, 0, "1.14.1"]
[1, 16, 1, "1.16.1"]
[1, 18, 1, "1.18.1"]
[1, 20, 1, "1.20.1"]
[1, 22, 1, "1.22.1"]
[1, 24, 1, "1.24.1"]
[1, 26, 1, "1.26.1"]
[5, 2, 0, "5.2.1"]
[5, 4, 1, "5.4.1"]
[5, 6, 1, "5.6.1"]
[1, 28, 1, "1.28.1"]
[5, 8, 2, "5.8.1"]
[5, 10, 2, "5.10.1"]
[1, 30, 1, "1.30.1"]
[5, 12, 2, "5.12.1"]
[1, 32, 1, "1.32.1"]
[5, 14, 2, "5.14.1"]
[1, 34, 1, "1.34.1"]
[5, 16, 2, "5.16.1"]
[1, 36, 1, "1.36.1"]
[5, 18, 2, "5.18.1"]
[1, 38, 1, "1.38.1"]
[5, 20, 2, "5.20.1"]
[1, 40, 1, "1.40.1"]
[5, 22, 2, "5.22.1"]
[1, 42, 1, "1.42.1"]
[1, 44, 1, "1.44.1"]
[5, 24, 2, "5.24.1"]
[1, 46, 1, "1.46.1"]
[5, 26, 2, "5.26.1"]
[1, 48, 1, "1.48.1"]
[5, 28, 2, "5.28.1"]
[1, 50, 1, "1.50.1"]
[1, 52, 1, "1.52.1"]
[5, 30, 2, "5.30.1"]
[1, 54, 1, "1.54.1"]
[5, 32, 2, "5.32.1"]
[1, 56, 1, "1.56.1"]
[1, 58, 1, "1.58.1"]
[5, 34, 2, "5.34.1"]
[1, 60, 1, "1.60.1"]
[1, 62, 1, "1.62.1"]
[5, 36, 2, "5.36.1"]
[1, 64, 1, "1.64.1"]
[5, 38, 2, "5.38.1"]
[1, 66, 1, "1.66.1"]
[1, 68, 1, "1.68.1"]
[5, 40, 2, "5.40.1"]
[1, 70, 1, "1.70.1"]
[5, 42, 2, "5.42.1"]
[1, 72, 1, "1.72.1"]
[1, 74, 1, "1.74.1"]
[5, 44, 2, "5.44.1"]
[1, 76, 1, "1.76.1"]
[5, 46, 2, "5.46.1"]
[1, 78, 1, "1.78.1"]
[1, 80, 1, "1.80.1"]
[5, 48, 2, "5.48.1"]
[1, 82, 1, "1.82.1"]
[5, 50, 2, "5.50.1"]
[1, 84, 1, "1.84.1"]
[1, 86, 1, "1.86.1"]
[5, 52, 2, "5.52.1"]
[1, 88, 1, "1.88.1"]
[5, 54, 2, "5.54.1"]
[1, 90, 1, "1.90.1"]
[1, 92, 1, "1.92.1"]
[5, 56, 2, "5.56.1"]
[1, 94, 1, "1.94.1"]
[5, 58, 2, "5.58.1"]
[1, 96, 1, "1.96.1"]
[1, 98, 1, "1.98.1"]
[5, 60, 2, "5.60.1"]
[2, 2, 0, "2.2.1"]
[2, 4, 0, "2.4.1"]
[2, 6, 0, "2.6.1"]
[2, 8, 1, "2.8.1"]
[2, 10, 1, "2.10.1"]
[2, 12, 0, "2.12.1"]
[2, 14, 2, "2.14.1"]
[2, 16, 1, "2.16.1"]
[2, 18, 1, "2.18.1"]
[2, 20, 2, "2.20.1"]
[2, 22, 2, "2.22.1"]
[2, 24, 1, "2.24.1"]
[2, 26, 2, "2.26.1"]
[2, 28, 2, "2.28.1"]
[2, 30, 2, "2.30.1"]
[2, 32, 2, "2.32.1"]
[2, 34, 2, "2.34.1"]
[2, 36, 2, "2.36.1"]
[2, 38, 2, "2.38.1"]
[5, 62, 2, "5.62.1"]
[2, 40, 2, "2.40.1"]
[2, 42, 2, "2.42.1"]
[2, 44, 2, "2.44.1"]
[2, 46, 2, "2.46.1"]
[2, 48, 2, "2.48.1"]
[2, 50, 2, "2.50.1"]
[2, 52, 2, "2.52.1"]
[2, 54, 2, "2.54.1"]
[5, 64, 2, "5.64.1"]
[2, 56, 2, "2.56.1"]
[2, 58, 2, "2.58.1"]
[2, 60, 2, "2.60.1"]
[2, 62, 2, "2.62.1"]
[2, 64, 2, "2.64.1"]
[5, 66, 2, "5.66.1"]
[2, 66, 2, "2.66.1"]
[2, 68, 2, "2.68.1"]
[2, 70, 2, "2.70.1"]
[5, 68, 2, "5.68.1"]
[2, 72, 2, "2.72.1"]
[2, 74, 2, "2.74.1"]
[2, 76, 2, "2.76.1"]
[5, 70, 2, "5.70.1"]
[2, 78, 2, "2.78.1"]
[2, 80, 2, "2.80.1"]
[2, 82, 2, "2.82.1"]
[5, 72, 2, "5.72.1"]
[2, 84, 2, "2.84.1"]
[2, 86, 2, "2.86.1"]
[5, 74, 2, "5.74.1"]
[2, 88, 2, "2.88.1"]
[2, 90, 2, "2.90.1"]
[5, 76, 2, "5.76.1"]
[2, 92, 2, "2.92.1"]
[2, 94, 2, "2.94.1"]
[5, 78, 2, "5.78.1"]
[2, 96, 2, "2.96.1"]
[2, 98, 2, "2.98.1"]
[5, 80, 2, "5.80.1"]
[3, 2, 0, "3.2.1"]
[3, 4, 0, "3.4.1"]
[3, 6, 1, "3.6.1"]
[3, 8, 1, "3.8.1"]
[3, 10, 2, "3.10.1"]
[3, 12, 1, "3.12.1"]
[3, 14, 2, "3.14.1"]
[3, 16, 2, "3.16.1"]
[3, 18, 2, "3.18.1"]
[3, 20, 2, "3.20.1"]
[3, 22, 3, "3.22.1"]
[3, 24, 2, "3.24.1"]
[3, 26, 2, "3.26.1"]
[3, 28, 2, "3.28.1"]
[3, 30, 2, "3.30.1"]
[3, 32, 2, "3.32.1"]
[3, 34, 2, "3.34.1"]
[3, 36, 2, "3.36.1"]
[3, 38, 2, "3.38.1"]
[3, 40, 2, "3.40.1"]
[3, 42, 2, "3.42.1"]
[3, 44, 2, "3.44.1"]
[3, 46, 2, "3.46.1"]
[3, 48, 2, "3.48.1"]
[3, 50, 2, "3.50.1"]
[5, 82, 2, "5.82.1"]
[3, 52, 2, "3.52.1"]
[3, 54, 2, "3.54.1"]
[3, 56, 2, "3.56.1"]
[3, 58, 2, "3.58.1"]
[3, 60, 2, "3.60.1"]
[3, 62, 2, "3.62.1"]
[3, 64, 2, "3.64.1"]
[5, 84, 2, "5.84.1"]
[3, 66, 2, "3.66.1"]
[3, 68, 2, "3.68.1"]
[3, 70, 2, "3.70.1"]
[3, 72, 2, "3.72.1"]
[5, 86, 2, "5.86.1"]
[3, 74, 2, "3.74.1"]
[3, 76, 2, "3.76.1"]
[3, 78, 2, "3.78.1"]
[3, 80, 2, "3.80.1"]
[5, 88, 2, "5.88.1"]
[3, 82, 2, "3.82.1"]
[3, 84, 2, "3.84.1"]
[3, 86, 2, "3.86.1"]
[5, 90, 2, "5.90.1"]
[3, 88, 2, "3.88.1"]
[3, 90, 2, "3.90.1"]
[3, 92, 2, "3.92.1"]
[5, 92, 2, "5.92.1"]
[3, 94, 2, "3.94.1"]
[3, 96, 2, "3.96.1"]
[3, 98, 2, "3.98.1"]
[5, 94, 2, "5.94.1"]
[4, 2, 0, "4.2.1"]
[4, 4, 0, "4.4.1"]
[4, 6, 1, "4.6.1"]
[4, 8, 0, "4.8.1"]
[4, 10, 1, "4.10.1"]
[4, 12, 1, "4.12.1"]
[4, 14, 1, "4.14.1"]
[4, 16, 1, "4.16.1"]
[4, 18, 1, "4.18.1"]
[4, 20, 1, "4.20.1"]
[4, 22, 1, "4.22.1"]
[4, 24, 1, "4.24.1"]
[4, 26, 1, "4.26.1"]
[4, 28, 1, "4.28.1"]
[4, 30, 1, "4.30.1"]
[4, 32, 1, "4.32.1"]
[4, 34, 1, "4.34.1"]
[4, 36, 1, "4.36.1"]
[4, 38, 1, "4.38.1"]
[4, 40, 1, "4.40.1"]
[4, 42, 1, "4.42.1"]
[4, 44, 1, "4.44.1"]
[4, 46, 1, "4.46.1"]
[4, 48, 1, "4.48.1"]
[4, 50, 1, "4.50.1"]
[4, 52, 1, "4.52.1"]
[5, 96, 2, "5.96.1"]
[4, 54, 1, "4.54.1"]
[4, 56, 1, "4.56.1"]
[4, 58, 1, "4.58.1"]
[4, 60, 1, "4.60.1"]
[4, 62, 1, "4.62.1"]
[4, 64, 1, "4.64.1"]
[4, 66, 1, "4.66.1"]
[4, 68, 1, "4.68.1"]
[4, 70, 1, "4.70.1"]
[4, 72, 1, "4.72.1"]
[5, 98, 2, "5.98.1"]
[4, 74, 1, "4.74.1"]
[4, 76, 1, "4.76.1"]
[4, 78, 1, "4.78.1"]
[4, 80, 1, "4.80.1"]
[4, 82, 1, "4.82.1"]
[6, 2, 0, "6.2.1"]
[6, 4, 1, "6.4.1"]
[6, 6, 1, "6.6.1"]
[4, 84, 1, "4.84.1"]
[6, 8, 1, "6.8.1"]
[6, 10, 1, "6.10.1"]
[6, 12, 3, "6.12.1"]
[6, 14, 1, "6.14.1"]
[6, 16, 3, "6.16.1"]
[6, 18, 3, "6.18.1"]
[6, 20, 3, "6.20.1"]
[6, 22, 3, "6.22.1"]
[6, 24, 4, "6.24.1"]
[6, 26, 3, "6.26.1"]
[6, 28, 4, "6.28.1"]
[6, 30, 4, "6.30.1"]
[4, 86, 1, "4.86.1"]
[6, 32, 4, "6.32.1"]
[6, 34, 4, "6.34.1"]
[6, 36, 4, "6.36.1"]
[6, 38, 4, "6.38.1"]
[4, 88, 1, "4.88.1"]
[6, 40, 4, "6.40.1"]
[6, 42, 4, "6.42.1"]
[6, 44, 4, "6.44.1"]
[6, 46, 4, "6.46.1"]
[4, 90, 1, "4.90.1"]
[6, 48, 4, "6.48.1"]
[6, 50, 4, "6.50.1"]
[4, 92, 1, "4.92.1"]
[6, 52, 4, "6.52.1"]
[6, 54, 4, "6.54.1"]
[6, 56, 4, "6.56.1"]
[4, 94, 1, "4.94.1"]
[6, 58, 4, "6.58.1"]
[6, 60, 4, "6.60.1"]
[4, 96, 1, "4.96.1"]
[6, 62, 4, "6.62.1"]
[4, 98, 1, "4.98.1"]
[6, 64, 4, "6.64.1"]
[6, 66, 4, "6.66.1"]
[6, 68, 4, "6.68.1"]
[6, 70, 4, "6.70.1"]
[6, 72, 4, "6.72.1"]
[6, 74, 4, "6.74.1"]
[6, 76, 4, "6.76.1"]
[6, 78, 4, "6.78.1"]
[6, 80, 4, "6.80.1"]
[6, 82, 4, "6.82.1"]
[6, 84, 4, "6.84.1"]
[6, 86, 4, "6.86.1"]
[6, 88, 4, "6.88.1"]
[6, 90, 4, "6.90.1"]
[6, 92, 4, "6.92.1"]
[6, 94, 4, "6.94.1"]
[6, 96, 4, "6.96.1"]
[6, 98, 4, "6.98.1"]
[7, 2, 0, "7.2.1"]
[7, 4, 1, "7.4.1"]
[7, 6, 2, "7.6.1"]
[7, 8, 2, "7.8.1"]
[7, 10, 2, "7.10.1"]
[7, 12, 2, "7.12.1"]
[7, 14, 2, "7.14.1"]
[7, 16, 2, "7.16.1"]
[7, 18, 2, "7.18.1"]
[7, 20, 2, "7.20.1"]
[7, 22, 2, "7.22.1"]
[7, 24, 2, "7.24.1"]
[7, 26, 2, "7.26.1"]
[7, 28, 2, "7.28.1"]
[7, 30, 2, "7.30.1"]
[7, 32, 2, "7.32.1"]
[7, 34, 2, "7.34.1"]
[7, 36, 2, "7.36.1"]
[7, 38, 2, "7.38.1"]
[7, 40, 2, "7.40.1"]
[7, 42, 2, "7.42.1"]
[7, 44, 2, "7.44.1"]
[7, 46, 2, "7.46.1"]
[7, 48, 2, "7.48.1"]
[7, 50, 2, "7.50.1"]
[7, 52, 2, "7.52.1"]
[7, 54, 2, "7.54.1"]
[7, 56, 2, "7.56.1"]
[7, 58, 2, "7.58.1"]
[7, 60, 2, "7.60.1"]
[7, 62, 2, "7.62.1"]
[7, 64, 2, "7.64.1"]
[7, 66, 2, "7.66.1"]
[7, 68, 2, "7.68.1"]
[7, 70, 2, "7.70.1"]
[7, 72, 2, "7.72.1"]
[7, 74, 2, "7.74.1"]
[7, 76, 2, "7.76.1"]
[7, 78, 2, "7.78.1"]
[7, 80, 2, "7.80.1"]
[7, 82, 2, "7.82.1"]
[7, 84, 2, "7.84.1"]
[7, 86, 2, "7.86.1"]
[10, 2, 0, "10.2.1"]
[10, 4, 1, "10.4.1"]
[10, 6, 3, "10.6.1"]
[10, 8, 1, "10.8.1"]
[10, 10, 3, "10.10.1"]
[10, 12, 4, "10.12.1"]
[10, 14, 3, "10.14.1"]
[10, 16, 4, "10.16.1"]
[10, 18, 4, "10.18.1"]
[10, 20, 4, "10.20.1"]
[10, 22, 4, "10.22.1"]
[10, 24, 4, "10.24.1"]
[10, 26, 4, "10.26.1"]
[10, 28, 4, "10.28.1"]
[1, 100, 1, "1.100.1"]
[1, 102, 1, "1.102.1"]
[1, 104, 1, "1.104.1"]
[1, 106, 1, "1.106.1"]
[1, 108, 1, "1.108.1"]
[1, 110, 1, "1.110.1"]
[1, 112, 1, "1.112.1"]
[1, 114, 1, "1.114.1"]
[1, 116, 1, "1.116.1"]
[1, 118, 1, "1.118.1"]
[1, 120, 1, "1.120.1"]
[1, 122, 1, "1.122.1"]
[1, 124, 1, "1.124.1"]
[1, 126, 1, "1.126.1"]
[1, 128, 1, "1.128.1"]
[1, 130, 1, "1.130.1"]
[1, 132, 1, "1.132.1"]
[1, 134, 1, "1.134.1"]
[1, 136, 1, "1.136.1"]
[1, 138, 1, "1.138.1"]
[1, 140, 1, "1.140.1"]
[1, 142, 1, "1.142.1"]
[1, 144, 1, "1.144.1"]
[1, 146, 1, "1.146.1"]
[1, 148, 1, "1.148.1"]
[1, 150, 1, "1.150.1"]
[1, 152, 1, "1.152.1"]
[1, 154, 1, "1.154.1"]
[1, 156, 1, "1.156.1"]
[1, 158, 1, "1.158.1"]
[1, 160, 1, "1.160.1"]
[1, 162, 1, "1.162.1"]
[1, 164, 1, "1.164.1"]
[1, 166, 1, "1.166.1"]
[1, 168, 1, "1.168.1"]
[1, 170, 1, "1.170.1"]
[1, 172, 1, "1.172.1"]
[1, 174, 1, "1.174.1"]
[1, 176, 1, "1.176.1"]
[1, 178, 1, "1.178.1"]
[1, 180, 1, "1.180.1"]
[1, 182, 1, "1.182.1"]
[1, 184, 1, "1.184.1"]
[9, 2, 0, "9.2.1"]
[9, 4, 1, "9.4.1"]
[11, 2, 1, "11.2.1"]
[11, 4, 1, "11.4.1"]
[9, 6, 1, "9.6.1"]
[11, 6, 2, "11.6.1"]
[9, 8, 2, "9.8.1"]
[11, 8, 2, "11.8.1"]
[9, 10, 3, "9.10.1"]
[8, 2, 0, "8.2.1"]
[8, 4, 1, "8.4.1"]
[12, 2, 0, "12.2.1"]
[13, 2, 0, "13.2.1"]
[14, 2, 1, "14.2.1"]
[8, 6, 1, "8.6.1"]
[15, 2, 1, "15.2.1"]
[11, 10, 2, "11.10.1"]
[8, 8, 2, "8.8.1"]
[9, 12, 3, "9.12.1"]
[16, 2, 0, "16.2.1"]
[17, 2, 1, "17.2.1"]
[18, 2, 0, "18.2.1"]
[19, 2, 1, "19.2.1"]
[20, 2, 1, "20.2.1"]
[21, 2, 1, "21.2.1"]
[22, 2, 0, "22.2.1"]
[23, 2, 1, "23.2.1"]
[9, 14, 3, "9.14.1"]
[11, 12, 2, "11.12.1"]
[1, 186, 1, "1.186.1"]
[24, 2, 1, "24.2.1"]
[25, 2, 0, "25.2.1"]
[26, 2, 2, "26.2.1"]
[27, 2, 1, "27.2.1"]
[9, 16, 5, "9.16.1"]
[28, 2, 0, "28.2.1"]
[29, 2, 1, "29.2.1"]
[11, 14, 2, "11.14.1"]
[30, 2, 1, "30.2.1"]
[31, 2, 1, "31.2.1"]
[32, 2, 1, "32.2.1"]
[33, 2, 1, "33.2.1"]
[34, 2, 1, "34.2.1"]
[9, 18, 4, "9.18.1"]
[35, 2, 2, "35.2.1"]
[11, 16, 2, "11.16.1"]
[36, 2, 1, "36.2.1"]
[37, 2, 2, "37.2.1"]
[1, 188, 1, "1.188.1"]
[38, 2, 2, "38.2.1"]
[9, 20, 4, "9.20.1"]
[39, 2, 2, "39.2.1"]
[40, 2, 1, "40.2.1"]
[11, 18, 2, "11.18.1"]
[41, 2, 1, "41.2.1"]
[42, 2, 1, "42.2.1"]
[43, 2, 2, "43.2.1"]
[8, 10, 2, "8.10.1"]
[1, 190, 1, "1.190.1"]
[2, 100, 2, "2.100.1"]
[1, 192, 1, "1.192.1"]
[2, 102, 2, "2.102.1"]
[2, 104, 2, "2.104.1"]
[2, 106, 2, "2.106.1"]
[2, 108, 2, "2.108.1"]
[1, 194, 1, "1.194.1"]
[2, 110, 2, "2.110.1"]
[2, 112, 2, "2.112.1"]
[2, 114, 2, "2.114.1"]
[1, 196, 1, "1.196.1"]
[2, 116, 2, "2.116.1"]
[2, 118, 2, "2.118.1"]
[1, 198, 1, "1.198.1"]
[2, 120, 2, "2.120.1"]
[2, 122, 2, "2.122.1"]
[2, 124, 2, "2.124.1"]
[2, 126, 2, "2.126.1"]
[2, 128, 2, "2.128.1"]
[2, 130, 2, "2.130.1"]
[2, 132, 2, "2.132.1"]
[2, 134, 2, "2.134.1"]
[2, 136, 2, "2.136.1"]
[2, 138, 2, "2.138.1"]
[2, 140, 2, "2.140.1"]
[2, 142, 2, "2.142.1"]
[2, 144, 2, "2.144.1"]
[2, 146, 2, "2.146.1"]
[2, 148, 2, "2.148.1"]
[1, 200, 1, "1.200.1"]
[2, 150, 2, "2.150.1"]
[8, 12, 2, "8.12.1"]
[44, 2, 1, "44.2.1"]
[45, 2, 1, "45.2.1"]
[9, 22, 6, "9.22.1"]
[46, 2, 1, "46.2.1"]
[8, 14, 2, "8.14.1"]
[47, 2, 1, "47.2.1"]
[48, 2, 1, "48.2.1"]
[8, 16, 3, "8.16.1"]
[49, 2, 1, "49.2.1"]
[11, 20, 2, "11.20.1"]
[8, 18, 2, "8.18.1"]
[50, 2, 2, "50.2.1"]
[9, 24, 4, "9.24.1"]
[2, 152, 2, "2.152.1"]
[51, 2, 2, "51.2.1"]
[8, 20, 2, "8.20.1"]
[52, 2, 1, "52.2.1"]
[1, 202, 1, "1.202.1"]
[53, 2, 2, "53.2.1"]
[11, 22, 2, "11.22.1"]
[54, 2, 2, "54.2.1"]
[9, 26, 4, "9.26.1"]
[55, 2, 2, "55.2.1"]
[56, 2, 2, "56.2.1"]
[57, 2, 3, "57.2.1"]
[2, 154, 2, "2.154.1"]
[58, 2, 2, "58.2.1"]
[9, 28, 5, "9.28.1"]
[11, 24, 2, "11.24.1"]
[59, 2, 1, "59.2.1"]
[60, 2, 0, "60.2.1"]
[61, 2, 2, "61.2.1"]
[62, 2, 2, "62.2.1"]
[1, 204, 1, "1.204.1"]
[63, 2, 2, "63.2.1"]
[64, 2, 1, "64.2.1"]
[9, 30, 4, "9.30.1"]
[65, 2, 3, "65.2.1"]
[11, 26, 2, "11.26.1"]
[2, 156, 2, "2.156.1"]
[66, 2, 3, "66.2.1"]
[67, 2, 3, "67.2.1"]
[9, 32, 4, "9.32.1"]
[68, 2, 1, "68.2.1"]
[69, 2, 2, "69.2.1"]
[70, 2, 1, "70.2.1"]
[71, 2, 2, "71.2.1"]
[11, 28, 2, "11.28.1"]
[2, 158, 2, "2.158.1"]
[72, 2, 1, "72.2.1"]
[73, 2, 3, "73.2.1"]
[1, 206, 1, "1.206.1"]
[9, 34, 5, "9.34.1"]
[74, 2, 2, "74.2.1"]
[75, 2, 3, "75.2.1"]
[76, 2, 1, "76.2.1"]
[77, 2, 4, "77.2.1"]
[11, 30, 2, "11.30.1"]
[9, 36, 4, "9.36.1"]
[78, 2, 1, "78.2.1"]
[2, 160, 2, "2.160.1"]
[79, 2, 2, "79.2.1"]
[8, 22, 2, "8.22.1"]
[12, 4, 1, "12.4.1"]
[13, 4, 2, "13.4.1"]
[80, 2, 2, "80.2.1"]
[14, 4, 2, "14.4.1"]
[81, 2, 1, "81.2.1"]
[8, 24, 2, "8.24.1"]
[1, 208, 1, "1.208.1"]
[15, 4, 2, "15.4.1"]
[16, 4, 1, "16.4.1"]
[82, 2, 2, "82.2.1"]
[17, 4, 2, "17.4.1"]
[8, 26, 2, "8.26.1"]
[83, 2, 2, "83.2.1"]
[9, 38, 4, "9.38.1"]
[18, 4, 1, "18.4.1"]
[19, 4, 2, "19.4.1"]
[84, 2, 2, "84.2.1"]
[11, 32, 2, "11.32.1"]
[2, 162, 2, "2.162.1"]
[8, 28, 2, "8.28.1"]
[85, 2, 3, "85.2.1"]
[20, 4, 1, "20.4.1"]
[21, 4, 3, "21.4.1"]
[86, 2, 2, "86.2.1"]
[22, 4, 3, "22.4.1"]
[8, 30, 2, "8.30.1"]
[87, 2, 2, "87.2.1"]
[23, 4, 2, "23.4.1"]
[88, 2, 2, "88.2.1"]
[9, 40, 5, "9.40.1"]
[1, 210, 1, "1.210.1"]
[89, 2, 3, "89.2.1"]
[24, 4, 1, "24.4.1"]
[8, 32, 2, "8.32.1"]
[25, 4, 3, "25.4.1"]
[2, 164, 2, "2.164.1"]
[90, 2, 3, "90.2.1"]
[26, 4, 3, "26.4.1"]
[11, 34, 2, "11.34.1"]
[8, 34, 2, "8.34.1"]
[91, 2, 4, "91.2.1"]
[27, 4, 3, "27.4.1"]
[92, 2, 2, "92.2.1"]
[28, 4, 2, "28.4.1"]
[8, 36, 2, "8.36.1"]
[93, 2, 2, "93.2.1"]
[29, 4, 2, "29.4.1"]
[9, 42, 4, "9.42.1"]
[94, 2, 2, "94.2.1"]
[30, 4, 2, "30.4.1"]
[2, 166, 2, "2.166.1"]
[95, 2, 2, "95.2.1"]
[1, 212, 1, "1.212.1"]
[31, 4, 2, "31.4.1"]
[8, 38, 2, "8.38.1"]
[96, 2, 2, "96.2.1"]
[32, 4, 3, "32.4.1"]
[97, 2, 2, "97.2.1"]
[11, 36, 2, "11.36.1"]
[33, 4, 4, "33.4.1"]
[98, 2, 2, "98.2.1"]
[99, 2, 4, "99.2.1"]
[9, 44, 4, "9.44.1"]
[34, 4, 3, "34.4.1"]
[100, 2, 1, "100.2.1"]
[2, 168, 2, "2.168.1"]
[35, 4, 3, "35.4.1"]
[101, 2, 2, "101.2.1"]
[102, 2, 3, "102.2.1"]
[36, 4, 1, "36.4.1"]
[1, 214, 1, "1.214.1"]
[37, 4, 2, "37.4.1"]
[103, 2, 2, "103.2.1"]
[11, 38, 2, "11.38.1"]
[38, 4, 3, "38.4.1"]
[104, 2, 2, "104.2.1"]
[105, 2, 2, "105.2.1"]
[9, 46, 5, "9.46.1"]
[39, 4, 3, "39.4.1"]
[106, 2, 4, "106.2.1"]
[2, 170, 2, "2.170.1"]
[40, 4, 3, "40.4.1"]
[107, 2, 2, "107.2.1"]
[41, 4, 2, "41.4.1"]
[108, 2, 1, "108.2.1"]
[109, 2, 3, "109.2.1"]
[42, 4, 2, "42.4.1"]
[1, 216, 1, "1.216.1"]
[110, 2, 4, "110.2.1"]
[43, 4, 2, "43.4.1"]
[9, 48, 4, "9.48.1"]
[111, 2, 2, "111.2.1"]
[44, 4, 2, "44.4.1"]
[11, 40, 2, "11.40.1"]
[2, 172, 2, "2.172.1"]
[112, 2, 3, "112.2.1"]
[45, 4, 5, "45.4.1"]
[113, 2, 4, "113.2.1"]
[46, 4, 4, "46.4.1"]
[114, 2, 3, "114.2.1"]
[47, 4, 2, "47.4.1"]
[115, 2, 3, "115.2.1"]
[9, 50, 4, "9.50.1"]
[48, 4, 3, "48.4.1"]
[116, 2, 3, "116.2.1"]
[1, 218, 1, "1.218.1"]
[2, 174, 2, "2.174.1"]
[49, 4, 5, "49.4.1"]
[117, 2, 3, "117.2.1"]
[11, 42, 2, "11.42.1"]
[118, 2, 4, "118.2.1"]
[50, 4, 5, "50.4.1"]
[119, 2, 2, "119.2.1"]
[120, 2, 2, "120.2.1"]
[51, 4, 5, "51.4.1"]
[9, 52, 5, "9.52.1"]
[121, 2, 4, "121.2.1"]
[1, 220, 1, "1.220.1"]
[52, 4, 2, "52.4.1"]
[122, 2, 3, "122.2.1"]
[53, 4, 3, "53.4.1"]
[123, 2, 4, "123.2.1"]
[54, 4, 4, "54.4.1"]
[11, 44, 2, "11.44.1"]
[124, 2, 2, "124.2.1"]
[125, 2, 3, "125.2.1"]
[55, 4, 4, "55.4.1"]
[9, 54, 4, "9.54.1"]
[126, 2, 2, "126.2.1"]
[1, 222, 1, "1.222.1"]
[127, 2, 2, "127.2.1"]
[56, 4, 3, "56.4.1"]
[128, 2, 4, "128.2.1"]
[57, 4, 4, "57.4.1"]
[129, 2, 4, "129.2.1"]
[58, 4, 4, "58.4.1"]
[130, 2, 3, "130.2.1"]
[59, 4, 3, "59.4.1"]
[131, 2, 2, "131.2.1"]
[9, 56, 4, "9.56.1"]
[11, 46, 2, "11.46.1"]
[132, 2, 2, "132.2.1"]
[1, 224, 1, "1.224.1"]
[60, 4, 2, "60.4.1"]
[133, 2, 4, "133.2.1"]
[61, 4, 2, "61.4.1"]
[134, 2, 2, "134.2.1"]
[62, 4, 4, "62.4.1"]
[135, 2, 4, "135.2.1"]
[63, 4, 5, "63.4.1"]
[136, 2, 3, "136.2.1"]
[137, 2, 2, "137.2.1"]
[9, 58, 5, "9.58.1"]
[64, 4, 5, "64.4.1"]
[138, 2, 4, "138.2.1"]
[1, 226, 1, "1.226.1"]
[139, 2, 3, "139.2.1"]
[11, 48, 2, "11.48.1"]
[65, 4, 5, "65.4.1"]
[8, 40, 2, "8.40.1"]
[2, 176, 2, "2.176.1"]
[140, 2, 2, "140.2.1"]
[141, 2, 6, "141.2.1"]
[66, 4, 3, "66.4.1"]
[8, 42, 2, "8.42.1"]
[67, 4, 2, "67.4.1"]
[142, 2, 5, "142.2.1"]
[9, 60, 4, "9.60.1"]
[68, 4, 2, "68.4.1"]
[143, 2, 3, "143.2.1"]
[1, 228, 1, "1.228.1"]
[2, 178, 2, "2.178.1"]
[8, 44, 2, "8.44.1"]
[69, 4, 4, "69.4.1"]
[70, 4, 6, "70.4.1"]
[8, 46, 2, "8.46.1"]
[11, 50, 2, "11.50.1"]
[145, 2, 4, "145.2.1"]
[71, 4, 3, "71.4.1"]
[146, 2, 2, "146.2.1"]
[2, 180, 2, "2.180.1"]
[8, 48, 2, "8.48.1"]
[9, 62, 4, "9.62.1"]
[72, 4, 4, "72.4.1"]
[147, 2, 5, "147.2.1"]
[1, 230, 1, "1.230.1"]
[73, 4, 3, "73.4.1"]
[148, 2, 2, "148.2.1"]
[149, 2, 2, "149.2.1"]
[8, 50, 2, "8.50.1"]
[74, 4, 4, "74.4.1"]
[150, 2, 3, "150.2.1"]
[2, 182, 2, "2.182.1"]
[151, 2, 3, "151.2.1"]
[75, 4, 6, "75.4.1"]
[152, 2, 3, "152.2.1"]
[8, 52, 2, "8.52.1"]
[11, 52, 2, "11.52.1"]
[9, 64, 5, "9.64.1"]
[153, 2, 5, "153.2.1"]
[76, 4, 2, "76.4.1"]
[1, 232, 1, "1.232.1"]
[77, 4, 5, "77.4.1"]
[154, 2, 4, "154.2.1"]
[8, 54, 2, "8.54.1"]
[2, 184, 2, "2.184.1"]
[155, 2, 5, "155.2.1"]
[78, 4, 6, "78.4.1"]
[156, 2, 2, "156.2.1"]
[157, 2, 2, "157.2.1"]
[8, 56, 2, "8.56.1"]
[79, 4, 3, "79.4.1"]
[158, 2, 6, "158.2.1"]
[9, 66, 4, "9.66.1"]
[1, 234, 1, "1.234.1"]
[11, 54, 2, "11.54.1"]
[2, 186, 2, "2.186.1"]
[159, 2, 2, "159.2.1"]
[8, 58, 2, "8.58.1"]
[160, 2, 3, "160.2.1"]
[161, 2, 4, "161.2.1"]
[162, 2, 4, "162.2.1"]
[163, 2, 3, "163.2.1"]
[2, 188, 2, "2.188.1"]
[1, 236, 1, "1.236.1"]
[164, 2, 1, "164.2.1"]
[9, 68, 4, "9.68.1"]
[165, 2, 3, "165.2.1"]
[166, 2, 3, "166.2.1"]
[11, 56, 2, "11.56.1"]
[167, 2, 2, "167.2.1"]
[168, 2, 2, "168.2.1"]
[2, 190, 2, "2.190.1"]
[169, 2, 3, "169.2.1"]
[1, 238, 1, "1.238.1"]
[170, 2, 6, "170.2.1"]
[9, 70, 5, "9.70.1"]
[171, 2, 5, "171.2.1"]
[2, 192, 2, "2.192.1"]
[172, 2, 2, "172.2.1"]
[173, 2, 2, "173.2.1"]
[11, 58, 2, "11.58.1"]
[1, 240, 1, "1.240.1"]
[174, 2, 5, "174.2.1"]
[175, 2, 6, "175.2.1"]
[2, 194, 2, "2.194.1"]
[9, 72, 4, "9.72.1"]
[176, 2, 4, "176.2.1"]
[177, 2, 4, "177.2.1"]
[178, 2, 4, "178.2.1"]
[179, 2, 3, "179.2.1"]
[2, 196, 2, "2.196.1"]
[1, 242, 1, "1.242.1"]
[180, 2, 1, "180.2.1"]
[181, 2, 2, "181.2.1"]
[8, 60, 2, "8.60.1"]
[80, 4, 6, "80.4.1"]
[182, 2, 5, "182.2.1"]
[9, 74, 4, "9.74.1"]
[81, 4, 5, "81.4.1"]
[11, 60, 2, "11.60.1"]
[183, 2, 3, "183.2.1"]
[184, 2, 5, "184.2.1"]
[2, 198, 2, "2.198.1"]
[8, 62, 2, "8.62.1"]
[82, 4, 5, "82.4.1"]
[185, 2, 5, "185.2.1"]
[1, 244, 1, "1.244.1"]
[83, 4, 2, "83.4.1"]
[186, 2, 4, "186.2.1"]
[84, 4, 2, "84.4.1"]
[8, 64, 2, "8.64.1"]
[85, 4, 7, "85.4.1"]
[187, 2, 6, "187.2.1"]
[188, 2, 2, "188.2.1"]
[86, 4, 5, "86.4.1"]
[189, 2, 6, "189.2.1"]
[8, 66, 2, "8.66.1"]
[190, 2, 4, "190.2.1"]
[87, 4, 4, "87.4.1"]
[1, 246, 1, "1.246.1"]
[191, 2, 2, "191.2.1"]
[11, 62, 2, "11.62.1"]
[8, 68, 2, "8.68.1"]
[192, 2, 4, "192.2.1"]
[88, 4, 4, "88.4.1"]
[193, 2, 3, "193.2.1"]
[89, 4, 4, "89.4.1"]
[194, 2, 3, "194.2.1"]
[195, 2, 5, "195.2.1"]
[90, 4, 5, "90.4.1"]
[8, 70, 2, "8.70.1"]
[9, 76, 5, "9.76.1"]
[2, 200, 2, "2.200.1"]
[91, 4, 4, "91.4.1"]
[196, 2, 3, "196.2.1"]
[1, 248, 1, "1.248.1"]
[197, 2, 3, "197.2.1"]
[198, 2, 5, "198.2.1"]
[92, 4, 2, "92.4.1"]
[8, 72, 2, "8.72.1"]
[93, 4, 6, "93.4.1"]
[199, 2, 3, "199.2.1"]
[200, 2, 5, "200.2.1"]
[2, 202, 2, "2.202.1"]
[94, 4, 4, "94.4.1"]
[8, 74, 2, "8.74.1"]
[95, 4, 7, "95.4.1"]
[9, 78, 4, "9.78.1"]
[96, 4, 6, "96.4.1"]
[2, 204, 2, "2.204.1"]
[11, 64, 2, "11.64.1"]
[97, 4, 2, "97.4.1"]
[98, 4, 8, "98.4.1"]
[9, 80, 4, "9.80.1"]
[2, 206, 2, "2.206.1"]
[99, 4, 7, "99.4.1"]
[1, 250, 1, "1.250.1"]
[201, 2, 5, "201.2.1"]
[12, 6, 0, "12.6.1"]
[12, 8, 2, "12.8.1"]
[100, 4, 4, "100.4.1"]
[12, 10, 1, "12.10.1"]
[12, 12, 2, "12.12.1"]
[12, 14, 2, "12.14.1"]
[202, 2, 3, "202.2.1"]
[101, 4, 2, "101.4.1"]
[12, 16, 2, "12.16.1"]
[203, 2, 7, "203.2.1"]
[12, 18, 2, "12.18.1"]
[12, 20, 2, "12.20.1"]
[2, 208, 2, "2.208.1"]
[102, 4, 6, "102.4.1"]
[12, 22, 2, "12.22.1"]
[3, 100, 2, "3.100.1"]
[204, 2, 2, "204.2.1"]
[12, 24, 2, "12.24.1"]
[205, 2, 7, "205.2.1"]
[103, 4, 2, "103.4.1"]
[12, 26, 2, "12.26.1"]
[9, 82, 5, "9.82.1"]
[12, 28, 2, "12.28.1"]
[104, 4, 5, "104.4.1"]
[1, 252, 1, "1.252.1"]
[206, 2, 4, "206.2.1"]
[3, 102, 2, "3.102.1"]
[12, 30, 2, "12.30.1"]
[207, 2, 5, "207.2.1"]
[105, 4, 7, "105.4.1"]
[2, 210, 2, "2.210.1"]
[12, 32, 2, "12.32.1"]
[208, 2, 5, "208.2.1"]
[12, 34, 2, "12.34.1"]
[106, 4, 4, "106.4.1"]
[209, 2, 4, "209.2.1"]
[12, 36, 2, "12.36.1"]
[3, 104, 2, "3.104.1"]
[107, 4, 2, "107.4.1"]
[210, 2, 5, "210.2.1"]
[12, 38, 2, "12.38.1"]
[2, 212, 2, "2.212.1"]
[211, 2, 4, "211.2.1"]
[108, 4, 4, "108.4.1"]
[9, 84, 4, "9.84.1"]
[12, 40, 2, "12.40.1"]
[109, 4, 2, "109.4.1"]
[212, 2, 3, "212.2.1"]
[11, 66, 2, "11.66.1"]
[3, 106, 2, "3.106.1"]
[213, 2, 5, "213.2.1"]
[12, 42, 2, "12.42.1"]
[110, 4, 9, "110.4.1"]
[214, 2, 6, "214.2.1"]
[12, 44, 2, "12.44.1"]
[1, 254, 1, "1.254.1"]
[2, 214, 2, "2.214.1"]
[215, 2, 4, "215.2.1"]
[111, 4, 6, "111.4.1"]
[12, 46, 2, "12.46.1"]
[3, 108, 2, "3.108.1"]
[216, 2, 4, "216.2.1"]
[112, 4, 8, "112.4.1"]
[12, 48, 2, "12.48.1"]
[217, 2, 4, "217.2.1"]
[9, 86, 4, "9.86.1"]
[218, 2, 5, "218.2.1"]
[113, 4, 2, "113.4.1"]
[12, 50, 2, "12.50.1"]
[2, 216, 2, "2.216.1"]
[1, 256, 1, "1.256.1"]
[3, 110, 2, "3.110.1"]
[219, 2, 5, "219.2.1"]
[12, 52, 2, "12.52.1"]
[114, 4, 6, "114.4.1"]
[220, 2, 2, "220.2.1"]
[221, 2, 7, "221.2.1"]
[115, 4, 6, "115.4.1"]
[12, 54, 2, "12.54.1"]
[222, 2, 5, "222.2.1"]
[3, 112, 2, "3.112.1"]
[2, 218, 2, "2.218.1"]
[223, 2, 3, "223.2.1"]
[116, 4, 3, "116.4.1"]
[12, 56, 2, "12.56.1"]
[224, 2, 4, "224.2.1"]
[117, 4, 7, "117.4.1"]
[9, 88, 5, "9.88.1"]
[12, 58, 2, "12.58.1"]
[4, 100, 1, "4.100.1"]
[3, 114, 2, "3.114.1"]
[118, 4, 6, "118.4.1"]
[2, 220, 2, "2.220.1"]
[4, 102, 1, "4.102.1"]
[1, 258, 1, "1.258.1"]
[119, 4, 5, "119.4.1"]
[12, 60, 2, "12.60.1"]
[4, 104, 1, "4.104.1"]
[3, 116, 2, "3.116.1"]
[120, 4, 6, "120.4.1"]
[12, 62, 2, "12.62.1"]
[4, 106, 1, "4.106.1"]
[121, 4, 8, "121.4.1"]
[9, 90, 4, "9.90.1"]
[2, 222, 2, "2.222.1"]
[4, 108, 1, "4.108.1"]
[12, 64, 2, "12.64.1"]
[3, 118, 2, "3.118.1"]
[226, 2, 4, "226.2.1"]
[4, 110, 1, "4.110.1"]
[122, 4, 4, "122.4.1"]
[227, 2, 5, "227.2.1"]
[12, 66, 2, "12.66.1"]
[123, 4, 4, "123.4.1"]
[4, 112, 1, "4.112.1"]
[2, 224, 2, "2.224.1"]
[228, 2, 3, "228.2.1"]
[229, 2, 3, "229.2.1"]
[1, 260, 1, "1.260.1"]
[124, 4, 2, "124.4.1"]
[3, 120, 2, "3.120.1"]
[4, 114, 1, "4.114.1"]
[230, 2, 4, "230.2.1"]
[12, 68, 2, "12.68.1"]
[125, 4, 4, "125.4.1"]
[11, 68, 2, "11.68.1"]
[231, 2, 5, "231.2.1"]
[9, 92, 4, "9.92.1"]
[4, 116, 1, "4.116.1"]
[126, 4, 8, "126.4.1"]
[232, 2, 4, "232.2.1"]
[2, 226, 2, "2.226.1"]
[233, 2, 3, "233.2.1"]
[3, 122, 2, "3.122.1"]
[12, 70, 2, "12.70.1"]
[127, 4, 3, "127.4.1"]
[4, 118, 1, "4.118.1"]
[234, 2, 5, "234.2.1"]
[235, 2, 5, "235.2.1"]
[128, 4, 8, "128.4.1"]
[4, 120, 1, "4.120.1"]
[236, 2, 3, "236.2.1"]
[237, 2, 3, "237.2.1"]
[129, 4, 6, "129.4.1"]
[3, 124, 2, "3.124.1"]
[4, 122, 1, "4.122.1"]
[2, 228, 2, "2.228.1"]
[238, 2, 6, "238.2.1"]
[1, 262, 1, "1.262.1"]
[239, 2, 2, "239.2.1"]
[130, 4, 7, "130.4.1"]
[4, 124, 1, "4.124.1"]
[240, 2, 4, "240.2.1"]
[131, 4, 2, "131.4.1"]
[241, 2, 2, "241.2.1"]
[3, 126, 2, "3.126.1"]
[4, 126, 1, "4.126.1"]
[242, 2, 6, "242.2.1"]
[2, 230, 2, "2.230.1"]
[243, 2, 6, "243.2.1"]
[132, 4, 4, "132.4.1"]
[4, 128, 1, "4.128.1"]
[133, 4, 5, "133.4.1"]
[244, 2, 2, "244.2.1"]
[245, 2, 8, "245.2.1"]
[3, 128, 2, "3.128.1"]
[4, 130, 1, "4.130.1"]
[134, 4, 5, "134.4.1"]
[246, 2, 7, "246.2.1"]
[2, 232, 2, "2.232.1"]
[4, 132, 1, "4.132.1"]
[247, 2, 5, "247.2.1"]
[135, 4, 8, "135.4.1"]
[1, 264, 1, "1.264.1"]
[3, 130, 2, "3.130.1"]
[248, 2, 5, "248.2.1"]
[4, 134, 1, "4.134.1"]
[136, 4, 4, "136.4.1"]
[249, 2, 5, "249.2.1"]
[137, 4, 2, "137.4.1"]
[2, 234, 2, "2.234.1"]
[250, 2, 4, "250.2.1"]
[4, 136, 1, "4.136.1"]
[251, 2, 2, "251.2.1"]
[138, 4, 6, "138.4.1"]
[3, 132, 2, "3.132.1"]
[252, 2, 2, "252.2.1"]
[253, 2, 4, "253.2.1"]
[139, 4, 3, "139.4.1"]
[4, 138, 1, "4.138.1"]
[254, 2, 6, "254.2.1"]
[140, 4, 6, "140.4.1"]
[2, 236, 2, "2.236.1"]
[255, 2, 4, "255.2.1"]
[4, 140, 1, "4.140.1"]
[256, 2, 5, "256.2.1"]
[141, 4, 5, "141.4.1"]
[3, 134, 2, "3.134.1"]
[257, 2, 2, "257.2.1"]
[4, 142, 1, "4.142.1"]
[142, 4, 4, "142.4.1"]
[258, 2, 7, "258.2.1"]
[143, 4, 4, "143.4.1"]
[259, 2, 7, "259.2.1"]
[2, 238, 2, "2.238.1"]
[4, 144, 1, "4.144.1"]
[3, 136, 2, "3.136.1"]
[260, 2, 2, "260.2.1"]
[261, 2, 5, "261.2.1"]
[144, 4, 7, "144.4.1"]
[4, 146, 1, "4.146.1"]
[262, 2, 6, "262.2.1"]
[145, 4, 5, "145.4.1"]
[263, 2, 2, "263.2.1"]
[2, 240, 2, "2.240.1"]
[1, 266, 1, "1.266.1"]
[3, 138, 2, "3.138.1"]
[264, 2, 4, "264.2.1"]
[4, 148, 1, "4.148.1"]
[146, 4, 5, "146.4.1"]
[265, 2, 8, "265.2.1"]
[147, 4, 13, "147.4.1"]
[266, 2, 4, "266.2.1"]
[267, 2, 6, "267.2.1"]
[2, 242, 2, "2.242.1"]
[3, 140, 2, "3.140.1"]
[268, 2, 3, "268.2.1"]
[148, 4, 2, "148.4.1"]
[269, 2, 3, "269.2.1"]
[149, 4, 2, "149.4.1"]
[270, 2, 4, "270.2.1"]
[271, 2, 2, "271.2.1"]
[272, 2, 6, "272.2.1"]
[3, 142, 2, "3.142.1"]
[2, 244, 2, "2.244.1"]
[273, 2, 5, "273.2.1"]
[1, 268, 1, "1.268.1"]
[11, 70, 2, "11.70.1"]
[274, 2, 5, "274.2.1"]
[275, 2, 8, "275.2.1"]
[276, 2, 2, "276.2.1"]
[3, 144, 2, "3.144.1"]
[277, 2, 4, "277.2.1"]
[2, 246, 2, "2.246.1"]
[278, 2, 5, "278.2.1"]
[279, 2, 4, "279.2.1"]
[280, 2, 4, "280.2.1"]
[3, 146, 2, "3.146.1"]
[281, 2, 2, "281.2.1"]
[282, 2, 5, "282.2.1"]
[2, 248, 2, "2.248.1"]
[283, 2, 2, "283.2.1"]
[284, 2, 2, "284.2.1"]
[285, 2, 7, "285.2.1"]
[286, 2, 7, "286.2.1"]
[3, 148, 2, "3.148.1"]
[287, 2, 6, "287.2.1"]
[3, 150, 2, "3.150.1"]
[1, 270, 1, "1.270.1"]
[3, 152, 2, "3.152.1"]
[3, 154, 2, "3.154.1"]
[3, 156, 2, "3.156.1"]
[1, 272, 1, "1.272.1"]
[3, 158, 2, "3.158.1"]
[3, 160, 2, "3.160.1"]
[3, 162, 2, "3.162.1"]
[3, 164, 2, "3.164.1"]
[1, 274, 1, "1.274.1"]
[3, 166, 2, "3.166.1"]
[3, 168, 2, "3.168.1"]
[3, 170, 2, "3.170.1"]
[1, 276, 1, "1.276.1"]
[3, 172, 2, "3.172.1"]
[3, 174, 2, "3.174.1"]
[5, 100, 2, "5.100.1"]
[13, 6, 2, "13.6.1"]
[13, 8, 3, "13.8.1"]
[13, 10, 2, "13.10.1"]
[13, 12, 2, "13.12.1"]
[289, 2, 6, "289.2.1"]
[13, 14, 2, "13.14.1"]
[290, 2, 5, "290.2.1"]
[291, 2, 8, "291.2.1"]
[150, 4, 9, "150.4.1"]
[13, 16, 2, "13.16.1"]
[292, 2, 2, "292.2.1"]
[293, 2, 2, "293.2.1"]
[151, 4, 2, "151.4.1"]
[13, 18, 2, "13.18.1"]
[4, 150, 1, "4.150.1"]
[13, 20, 2, "13.20.1"]
[9, 94, 5, "9.94.1"]
[3, 176, 2, "3.176.1"]
[13, 22, 2, "13.22.1"]
[13, 24, 2, "13.24.1"]
[294, 2, 7, "294.2.1"]
[295, 2, 4, "295.2.1"]
[296, 2, 4, "296.2.1"]
[297, 2, 8, "297.2.1"]
[298, 2, 5, "298.2.1"]
[299, 2, 7, "299.2.1"]
[300, 2, 4, "300.2.1"]
[301, 2, 4, "301.2.1"]
[13, 26, 2, "13.26.1"]
[302, 2, 6, "302.2.1"]
[303, 2, 5, "303.2.1"]
[304, 2, 7, "304.2.1"]
[305, 2, 4, "305.2.1"]
[306, 2, 6, "306.2.1"]
[307, 2, 7, "307.2.1"]
[308, 2, 3, "308.2.1"]
[309, 2, 4, "309.2.1"]
[310, 2, 5, "310.2.1"]
[311, 2, 2, "311.2.1"]
[2, 250, 2, "2.250.1"]
[13, 28, 2, "13.28.1"]
[13, 30, 2, "13.30.1"]
[13, 32, 2, "13.32.1"]
[4, 152, 1, "4.152.1"]
[152, 4, 4, "152.4.1"]
[153, 4, 9, "153.4.1"]
[154, 4, 9, "154.4.1"]
[155, 4, 5, "155.4.1"]
[156, 4, 4, "156.4.1"]
[157, 4, 2, "157.4.1"]
[5, 102, 2, "5.102.1"]
[13, 34, 2, "13.34.1"]
[3, 178, 2, "3.178.1"]
[13, 36, 2, "13.36.1"]
[4, 154, 1, "4.154.1"]
[158, 4, 5, "158.4.1"]
[159, 4, 6, "159.4.1"]
[160, 4, 7, "160.4.1"]
[161, 4, 4, "161.4.1"]
[162, 4, 8, "162.4.1"]
[163, 4, 2, "163.4.1"]
[13, 38, 2, "13.38.1"]
[5, 104, 2, "5.104.1"]
[9, 96, 4, "9.96.1"]
[2, 252, 2, "2.252.1"]
[4, 156, 1, "4.156.1"]
[6, 100, 4, "6.100.1"]
[13, 40, 2, "13.40.1"]
[3, 180, 2, "3.180.1"]
[4, 158, 1, "4.158.1"]
[5, 106, 2, "5.106.1"]
[13, 42, 2, "13.42.1"]
[2, 254, 2, "2.254.1"]
[164, 4, 2, "164.4.1"]
[165, 4, 8, "165.4.1"]
[166, 4, 5, "166.4.1"]
[167, 4, 2, "167.4.1"]
[4, 160, 1, "4.160.1"]
[6, 102, 4, "6.102.1"]
[3, 182, 2, "3.182.1"]
[9, 98, 4, "9.98.1"]
[13, 44, 2, "13.44.1"]
[5, 108, 2, "5.108.1"]
[4, 162, 1, "4.162.1"]
[312, 2, 6, "312.2.1"]
[313, 2, 3, "313.2.1"]
[314, 2, 3, "314.2.1"]
[315, 2, 6, "315.2.1"]
[316, 2, 4, "316.2.1"]
[317, 2, 2, "317.2.1"]
[318, 2, 7, "318.2.1"]
[319, 2, 5, "319.2.1"]
[320, 2, 7, "320.2.1"]
[321, 2, 4, "321.2.1"]
[322, 2, 7, "322.2.1"]
[323, 2, 6, "323.2.1"]
[324, 2, 4, "324.2.1"]
[325, 2, 11, "325.2.1"]
[326, 2, 5, "326.2.1"]
[327, 2, 4, "327.2.1"]
[328, 2, 5, "328.2.1"]
[329, 2, 7, "329.2.1"]
[330, 2, 5, "330.2.1"]
[331, 2, 4, "331.2.1"]
[2, 256, 2, "2.256.1"]
[332, 2, 3, "332.2.1"]
[333, 2, 7, "333.2.1"]
[334, 2, 6, "334.2.1"]
[335, 2, 5, "335.2.1"]
[336, 2, 6, "336.2.1"]
[337, 2, 2, "337.2.1"]
[338, 2, 8, "338.2.1"]
[339, 2, 8, "339.2.1"]
[340, 2, 2, "340.2.1"]
[341, 2, 4, "341.2.1"]
[342, 2, 7, "342.2.1"]
[343, 2, 5, "343.2.1"]
[344, 2, 4, "344.2.1"]
[345, 2, 10, "345.2.1"]
[346, 2, 5, "346.2.1"]
[347, 2, 4, "347.2.1"]
[6, 104, 4, "6.104.1"]
[13, 46, 2, "13.46.1"]
[3, 184, 2, "3.184.1"]
[5, 110, 2, "5.110.1"]
[4, 164, 1, "4.164.1"]
[348, 2, 4, "348.2.1"]
[349, 2, 2, "349.2.1"]
[350, 2, 8, "350.2.1"]
[351, 2, 6, "351.2.1"]
[352, 2, 8, "352.2.1"]
[353, 2, 4, "353.2.1"]
[354, 2, 8, "354.2.1"]
[355, 2, 5, "355.2.1"]
[356, 2, 2, "356.2.1"]
[357, 2, 8, "357.2.1"]
[358, 2, 7, "358.2.1"]
[359, 2, 4, "359.2.1"]
[9, 100, 5, "9.100.1"]
[4, 166, 1, "4.166.1"]
[2, 258, 2, "2.258.1"]
[3, 186, 2, "3.186.1"]
[13, 48, 2, "13.48.1"]
[6, 106, 4, "6.106.1"]
[5, 112, 2, "5.112.1"]
[4, 168, 1, "4.168.1"]
[2, 260, 2, "2.260.1"]
[9, 102, 4, "9.102.1"]
[4, 170, 1, "4.170.1"]
[3, 188, 2, "3.188.1"]
[6, 108, 4, "6.108.1"]
[5, 114, 2, "5.114.1"]
[13, 50, 2, "13.50.1"]
[4, 172, 1, "4.172.1"]
[2, 262, 2, "2.262.1"]
[3, 190, 2, "3.190.1"]
[5, 116, 2, "5.116.1"]
[6, 110, 4, "6.110.1"]
[4, 174, 1, "4.174.1"]
[9, 104, 4, "9.104.1"]
[13, 52, 2, "13.52.1"]
[2, 264, 2, "2.264.1"]
[4, 176, 1, "4.176.1"]
[3, 192, 2, "3.192.1"]
[6, 112, 4, "6.112.1"]
[5, 118, 2, "5.118.1"]
[4, 178, 1, "4.178.1"]
[3, 194, 2, "3.194.1"]
[2, 266, 2, "2.266.1"]
[9, 106, 5, "9.106.1"]
[13, 54, 2, "13.54.1"]
[4, 180, 1, "4.180.1"]
[6, 114, 4, "6.114.1"]
[5, 120, 2, "5.120.1"]
[2, 268, 2, "2.268.1"]
[3, 196, 2, "3.196.1"]
[4, 182, 1, "4.182.1"]
[1, 278, 1, "1.278.1"]
[9, 108, 4, "9.108.1"]
[4, 184, 1, "4.184.1"]
[2, 270, 2, "2.270.1"]
[6, 116, 4, "6.116.1"]
[5, 122, 2, "5.122.1"]
[13, 56, 2, "13.56.1"]
[3, 198, 2, "3.198.1"]
[4, 186, 1, "4.186.1"]
[2, 272, 2, "2.272.1"]
[3, 200, 2, "3.200.1"]
[6, 118, 4, "6.118.1"]
[4, 188, 1, "4.188.1"]
[9, 110, 4, "9.110.1"]
[2, 274, 2, "2.274.1"]
[5, 124, 2, "5.124.1"]
[13, 58, 2, "13.58.1"]
[4, 190, 1, "4.190.1"]
[3, 202, 2, "3.202.1"]
[6, 120, 4, "6.120.1"]
[4, 192, 1, "4.192.1"]
[5, 126, 2, "5.126.1"]
[9, 112, 5, "9.112.1"]
[3, 204, 2, "3.204.1"]
[4, 194, 1, "4.194.1"]
[6, 122, 4, "6.122.1"]
[13, 60, 2, "13.60.1"]
[3, 206, 2, "3.206.1"]
[4, 196, 1, "4.196.1"]
[360, 2, 5, "360.2.1"]
[361, 2, 9, "361.2.1"]
[5, 128, 2, "5.128.1"]
[4, 198, 1, "4.198.1"]
[6, 124, 4, "6.124.1"]
[9, 114, 4, "9.114.1"]
[3, 208, 2, "3.208.1"]
[4, 200, 1, "4.200.1"]
[3, 210, 2, "3.210.1"]
[6, 126, 4, "6.126.1"]
[13, 62, 2, "13.62.1"]
[4, 202, 1, "4.202.1"]
[5, 130, 2, "5.130.1"]
[4, 204, 1, "4.204.1"]
[3, 212, 2, "3.212.1"]
[1, 280, 1, "1.280.1"]
[6, 128, 4, "6.128.1"]
[4, 206, 1, "4.206.1"]
[3, 214, 2, "3.214.1"]
[4, 208, 1, "4.208.1"]
[13, 64, 2, "13.64.1"]
[6, 130, 4, "6.130.1"]
[5, 132, 2, "5.132.1"]
[3, 216, 2, "3.216.1"]
[11, 72, 2, "11.72.1"]
[4, 210, 1, "4.210.1"]
[3, 218, 2, "3.218.1"]
[6, 132, 4, "6.132.1"]
[4, 212, 1, "4.212.1"]
[5, 134, 2, "5.134.1"]
[4, 214, 1, "4.214.1"]
[13, 66, 2, "13.66.1"]
[3, 220, 2, "3.220.1"]
[6, 134, 4, "6.134.1"]
[4, 216, 1, "4.216.1"]
[3, 222, 2, "3.222.1"]
[4, 218, 1, "4.218.1"]
[3, 224, 2, "3.224.1"]
[4, 220, 1, "4.220.1"]
[5, 136, 2, "5.136.1"]
[3, 226, 2, "3.226.1"]
[13, 68, 2, "13.68.1"]
[4, 222, 1, "4.222.1"]
[3, 228, 2, "3.228.1"]
[4, 224, 1, "4.224.1"]
[3, 230, 2, "3.230.1"]
[4, 226, 1, "4.226.1"]
[5, 138, 2, "5.138.1"]
[1, 282, 1, "1.282.1"]
[13, 70, 2, "13.70.1"]
[3, 232, 2, "3.232.1"]
[4, 228, 1, "4.228.1"]
[3, 234, 2, "3.234.1"]
[4, 230, 1, "4.230.1"]
[5, 140, 2, "5.140.1"]
[4, 232, 1, "4.232.1"]
[4, 234, 1, "4.234.1"]
[4, 236, 1, "4.236.1"]
[5, 142, 2, "5.142.1"]
[4, 238, 1, "4.238.1"]
[4, 240, 1, "4.240.1"]
[4, 242, 1, "4.242.1"]
[5, 144, 2, "5.144.1"]
[4, 244, 1, "4.244.1"]
[4, 246, 1, "4.246.1"]
[4, 248, 1, "4.248.1"]
[5, 146, 2, "5.146.1"]
[5, 148, 2, "5.148.1"]
[5, 150, 2, "5.150.1"]
[5, 152, 2, "5.152.1"]
[1, 284, 1, "1.284.1"]
[1, 286, 1, "1.286.1"]
[1, 288, 1, "1.288.1"]
